1405
1189
1127
983
1040
1260
1495
1803
1556
1486
1490
1570
1665
1771
1874
1979
3216
5044
7317
6131
5149
4379
3918
3604
3441
3366
3387
3416
3489
3873
3695
3726
4328
4856
4964
5109
5305
5756
6672
7466
8342
9059
9706
10011
9716
9304
9164
8898
8202
7483
7829
9042
9768
9975
10094
9753
8769
8376
8155
7934
7669
7558
7381
7348
7261
7090
7098
7001
6628
6276
6880
6869
7503
7712
7683
7220
6811
6367
5758
5683
5208
4966
5022
5281
5379
5362
5613
5807
6270
6691
6924
7453
7770
7742
7652
7984
8377
8693
8898
8858
8755
9276
9260
9686
9878
9977
9801
9855
9957
17925
21466
21148
20534
19211
17926
16531
14804
13437
12341
11243
9891
9360
8599
7901
7258
10840
11162
9895
8546
9493
9078
8293
7554
6679
6694
6783
6629
6634
6168
6123
6547
6594
6608
7178
7564
7413
6746
6128
6160
6169
8179
9676
11135
12136
12678
13062
12929
12863
14901
15731
15846
15574
14551
13440
12193
10966
9882
8885
7644
7151
6546
5861
5464
5205
5063
4848
4884
4911
4879
4737
4977
5236
5834
5970
6064
8273
8955
9073
8442
7965
7132
6276
5924
5484
5836
6939
7621
7788
8807
9591
9808
9617
10271
10697
11521
11801
12003
11998
12501
12778
12433
11942
11338
10920
10054
9696
9107
8831
8712
8576
8722
8389
8511
8182
8116
8171
8011
8556
9655
10549
11772
15366
18665
21387
22318
22378
22181
21616
21106
21243
21145
20923
20696
20486
20173
19699
20819
28037
31859
33316
33268
32316
30602
28312
25678
23168
20309
17283
14312
12241
11597
11550
12166
12312
12370
12266
13512
14036
13766
14194
13475
12887
11647
10715
10154
9623
9400
9224
9388
9319
9064
8479
8100
7943
8328
8488
8490
8587
8521
7989
7533
7349
7069
7048
6936
7033
6894
7091
7165
6854
6683
6934
6680
6592
7049
7766
7989
8433
8433
7999
8132
8209
8723
8588
8866
9105
8800
8988
9607
9994
10183
10397
10902
11104
10647
10435
10921
10824
10681
10140
9857
9770
9355
9170
9295
9054
8809
8660
8695
8897
9194
9413
9633
9327
9272
9795
9724
10194
10042
10392
10701
10910
11320
12140
14088
16101
17387
17970
17811
17564
17349
17347
17240
17679
17521
17327
17086
17215
16772
16411
16486
16465
16008
15579
15599
16094
15853
15994
16433
16103
15621
15636
16878
26690
29715
30683
30500
30084
28091
25491
23592
21793
19837
17977
15899
14607
13491
12199
10876
9814
9250
9114
8871
9631
9202
8616
8401
8376
8318
8224
8102
8051
7533
7790
7979
7921
8152
8228
8353
8820
8667
8105
7138
7283
7205
6846
6094
5555
5417
5164
5299
5036
4881
4889
4634
4475
4316
4224
4682
4721
4823
4640
4775
4944
5154
5206
5023
5147
5152
5652
5606
5572
6508
7167
7408
6860
7192
6823
6431
5737
5423
5410
5624
5239
4927
5519
5613
6783
7913
8279
8463
9018
8788
9687
9524
9536
9363
8420
7847
7304
7195
6670
6166
5897
5508
5250
5010
4827
4804
5319
5829
5866
5870
5814
7411
10112
11967
13433
13984
15227
15224
14996
14965
14800
15167
15799
15330
15308
15347
14759
14405
14220
13475
12965
12556
12539
12399
12116
11680
11679
11534
10763
10502
10341
10050
9902
10131
9905
9523
9488
8982
8649
8688
8569
9561
9012
8893
9800
11028
11734
12605
14191
15304
16460
16527
16688
16802
17700
17915
18350
18475
18322
18492
16730
23981
27302
28504
28862
28414
27073
25342
23468
21218
19262
17358
15414
13402
11631
10105
8786
7664
6707
5979
5456
5042
5249
5092
4781
4825
4837
7598
8712
9156
8882
8405
9214
9567
8994
8386
8076
7613
7511
7434
7509
7281
7165
6907
8531
8155
7163
6355
5578
5164
5227
5331
5616
5241
5178
5634
5727
6420
6267
6431
6750
7126
7105
7666
7921
7374
7250
7894
8756
9451
11188
11906
12116
11966
11225
10424
9601
8975
8323
7421
6892
6128
6110
7214
8184
9061
9607
9547
9876
10057
9968
10650
11031
11255
11606
11759
11335
10989
13718
14776
14824
14436
13630
11307
10441
9562
9198
8693
8615
8396
8136
8005
7804
7932
7399
7092
7715
7347
7367
7226
7048
6541
6038
5960
5873
5524
5257
5409
5371
6425
7395
8206
8919
8853
9173
8554
7775
7696
7450
7357
8120
9145
9890
10311
10844
11977
12652
12527
16063
15984
15267
13738
12491
11041
9659
8856
7957
8003
7405
7120
6699
6308
6051
6362
6531
6462
6649
6660
6573
6473
6550
6482
6298
6927
6926
7300
7321
6907
6484
6058
5767
5256
4950
4787
4638
4538
4475
4805
4595
4774
5065
5251
5684
5476
5373
5689
5819
5910
5962
5632
5328
5419
5177
4957
5270
5537
5653
5686
5804
5776
5768
5858
5557
5693
5855
5931
5663
5763
5833
5936
5690
5936
5802
5888
6070
6077
6384
6316
6236
6598
6376
6326
6724
6632
6559
6839
6608
6347
6181
6032
6216
6382
6225
6098
6368
6564
6692
6765
6843
6846
7294
7402
7490
7327
7189
8261
8484
8563
9270
9357
9132
8998
9050
9669
9939
9557
10162
10243
9743
8890
8134
7405
6715
5862
5288
4875
4669
4553
4594
4594
4277
4046
5923
7591
6872
6031
5485
5653
5500
5696
5446
5010
4692
4355
4243
4277
4179
4045
3921
4488
4631
4330
5840
7283
8197
9021
9436
10515
11184
11587
11671
10494
12547
12697
12371
12054
11238
10627
9645
8977
8318
7596
6869
6250
5729
5184
4736
4409
4070
3784
3520
3610
3352
3155
3016
2931
2996
3315
3548
3348
5899
6902
6718
5913
5730
5515
4856
4242
4175
3897
3704
3838
3565
3324
3498
3366
3612
3792
4048
3715
3819
3911
3693
3517
3353
3551
3471
3811
4992
6084
7700
8570
8921
9678
10879
13647
14453
14282
13623
13057
12336
11409
9749
8794
7631
6538
5982
5985
5914
5629
5304
5180
4732
4286
4039
3760
3451
3348
3281
3221
3235
3212
3323
3297
3787
4132
4045
4049
4366
4506
4123
4146
4146
4172
4144
4235
4377
4788
4791
4828
5036
5181
5144
5091
5777
6373
6713
6539
6609
6805
6986
6890
6771
6462
6228
6004
6087
6072
5758
5699
5849
6079
6147
6346
6023
6464
7002
8475
9560
10524
11061
11311
11474
11295
11155
10940
10827
11108
11154
11121
10899
11077
11189
11999
13115
13845
14320
15231
15613
15658
15806
15718
14857
14714
13483
12717
13228
17591
20173
21033
21348
21028
19958
18626
17708
16652
16292
15582
14895
13667
12447
11246
10009
8871
7626
6728
6185
5769
5605
5268
5163
5171
5309
5562
5299
6157
6938
7416
7036
6706
6576
6701
6571
6877
6970
6996
6787
6426
6072
5909
5772
5617
5603
5533
6472
6975
7013
6950
6823
6628
7039
7145
6839
6536
5960
5764
5327
5006
5175
5280
5476
5825
6129
6314
6854
7438
7766
7786
8137
8427
8579
8431
8649
9086
9299
9073
8964
9177
8930
8714
8817
8386
8642
8381
8660
8508
8579
9231
11488
13355
14550
15949
16970
17779
17798
18362
18867
19112
18834
19651
20002
20003
19614
18738
17965
17309
17029
16732
16484
15834
15384
23580
28234
30877
31462
30891
29442
27398
24925
22366
20071
17867
16011
14135
12684
10412
8733
8032
7312
6566
5970
5406
5300
5082
5675
6085
6645
7349
8848
8937
9425
9864
9578
9784
9861
10445
12123
12846
12895
12328
11982
11366
10679
9798
8695
7726
7234
6670
6171
5658
5212
4800
4613
4259
4193
4188
4506
4786
4425
4179
4159
4151
4160
4344
4847
5161
5014
5263
5422
5679
5599
5484
5450
5526
5567
5387
5237
5127
5156
5698
5539
5419
5277
5247
5152
5017
4981
4822
4738
4653
4673
4644
4609
4623
4713
4936
5093
12495
13706
13518
12872
12323
11738
10955
10093
9338
8788
8451
7826
7157
7014
6644
6111
5631
5077
4557
4098
4020
3925
3993
3904
3829
4044
4088
4240
4458
4771
4934
5991
6392
6604
5883
6420
6549
6506
6496
5989
5723
5138
4571
4280
4032
4067
4120
3800
4465
5296
6432
7499
8210
8870
8968
9276
8801
9114
9877
10477
11544
13194
13921
14171
14209
13157
12793
11985
11033
10003
9354
8781
8260
8004
7892
7792
7621
7728
8319
8591
9057
9087
9879
10219
10003
9730
9346
8890
8551
8188
8128
7940
7395
6820
6385
6015
5737
5446
5254
5655
6026
5907
5851
5747
5735
5614
5418
5284
5550
5356
5610
5848
6042
6627
6571
6552
6716
6879
6464
6563
6709
6790
6450
6553
6410
6694
11503
14085
15354
15438
14986
14257
13717
12587
11181
9857
8726
7576
6968
6464
6026
5285
5011
4734
4370
4224
4198
4035
4063
4043
3925
3851
3651
3725
3819
3910
4484
4421
4310
4442
4127
4067
4235
4479
4643
4522
4496
4351
4642
4886
4708
4997
4771
4983
5124
5254
5071
4931
5142
5002
5168
5571
5791
5975
6221
6283
6579
6441
6342
6594
6824
6956
7135
7222
7570
7305
7071
6725
6588
6540
6660
6526
6653
6692
6708
6733
6861
6640
6826
6539
6440
6963
7491
7497
7448
7487
11467
11505
10128
11185
11523
11691
11344
11075
10520
9668
8996
8597
7831
7107
6413
5568
4917
4609
4358
4221
4281
4372
4591
4432
4272
4322
4417
4284
4344
4399
4174
3991
3922
4156
4279
4589
4943
4954
5171
5456
5612
5753
7282
8226
8793
9025
8927
8611
8309
8094
7649
7482
7051
6874
6421
6048
5785
5632
5508
5714
5683
5475
5567
5657
6499
6635
6606
6261
5905
5626
5415
5259
5125
5019
5522
6070
6191
7111
7862
8748
9377
9724
10226
10504
10578
11825
12653
13107
14145
14949
15932
16890
17435
17552
17412
17202
16969
16601
16261
16324
16194
16112
15974
16065
15406
15048
14694
13929
13376
12821
12795
12694
12549
12193
12295
12059
11766
11506
11890
12416
12355
12569
12749
13917
14686
14733
14502
14350
13682
13038
12425
12189
11527
11006
10934
10766
10460
10148
9771
9411
9373
9264
8926
8601
8745
8466
8393
8340
8357
8422
8258
8230
8281
8388
8175
8333
8674
8609
8633
8697
8392
8380
8389
8316
8515
8629
9100
8850
9082
9203
9699
9717
9739
9544
9467
9144
8901
9284
10006
10670
10825
10734
10801
10440
10315
10364
15563
18502
19318
19144
18752
17565
16283
15166
13766
12793
11547
11267
10955
10278
9639
9523
10021
10170
9777
9262
7970
7313
8064
9319
10366
11284
11848
12179
12189
12570
12479
11109
10402
9859
9051
8340
8613
9160
9379
9628
9310
8872
8672
8072
7408
7292
7107
6645
6490
6250
5814
5380
5268
5254
5190
5046
4891
4709
4753
4660
4555
4792
4648
4634
4588
4869
5036
5198
5651
6049
6596
6365
5939
6033
5809
5865
6291
6273
6267
7146
7692
8990
9615
10051
10280
9918
10221
11082
11626
12010
12504
12817
12549
12400
12309
12175
12424
12497
12729
12860
13117
13498
13395
12731
12400
12002
11464
10863
10410
10140
10301
10434
10161
9790
9515
9813
9952
10218
10399
10439
10741
10918
10883
10562
10490
9928
9513
9180
9525
9699
9602
9412
9194
9465
9598
9363
9109
8690
8598
8610
9151
9382
9496
9526
9704
9561
9624
9412
9031
8723
8680
8837
8651
8675
9045
9061
9175
9399
9124
9110
8952
8726
8542
9725
10769
11940
16858
19279
20105
20087
19690
18822
17581
16170
14630
13430
12317
11087
10014
9125
8033
6984
6220
5665
5260
4926
4819
5572
6804
8825
10395
11766
12572
13475
13934
14056
14755
14323
13926
13385
13700
13757
13495
13872
13809
13725
12455
11363
11319
10786
10244
10145
10015
9520
9639
9671
9731
9983
9999
9816
9464
9248
9482
9512
9094
8664
8768
8674
8557
8084
8291
8262
8837
8826
9352
9457
12103
15326
15575
15241
14768
13715
13690
13347
12548
12025
11340
10547
9728
8944
8145
7424
6796
6262
5424
4748
4160
3729
3658
3402
3228
3745
4042
4162
4221
4554
5039
5356
5626
5627
5545
5616
5610
5638
5601
5935
6452
6405
12195
11937
12716
12699
12123
11372
10788
10065
8967
8376
7746
7156
6291
5763
5210
6276
5558
4847
4997
4890
4700
4352
4328
4127
3692
3224
2844
3781
4901
5798
6438
7223
7765
8152
8379
9584
10493
11265
11006
10342
9816
9227
8365
7502
7221
6672
6127
5565
5299
4837
4353
4342
3881
3554
3401
3240
4140
4731
5071
5239
5288
5449
5495
5932
5879
5854
6190
6547
6110
6005
7070
9042
8935
8307
7650
7434
7088
6602
5901
5549
5185
4541
4273
4069
3747
3481
3286
3090
4628
5632
6244
6577
6818
6721
6073
5647
5077
4781
4592
4680
4707
4927
4850
4875
4635
4556
4258
4196
4312
4386
4695
4859
5112
5258
5339
5448
5509
5368
5496
5559
5474
5278
5573
6015
6360
6523
6585
7514
8267
8156
8265
7437
6907
6402
5984
5469
5050
4976
4588
4370
4375
4151
4222
4260
4239
4138
4726
5024
5293
5856
6613
7249
7374
7783
7998
8211
8310
9389
10364
10516
10632
10107
9765
11442
12480
12763
12135
11320
10823
9723
8742
7842
7321
6758
6166
5542
5363
5227
4928
5285
5520
5805
6461
6296
6565
7154
7510
7896
8168
8710
8288
8296
8603
10392
10615
10169
9844
9699
9258
8655
10705
10982
10776
9680
9136
8160
7562
6651
6029
5351
4944
5100
4818
4390
4122
3936
3820
3813
3913
3727
3689
3622
3940
3799
3923
4099
4131
4613
5022
4708
4613
4351
4200
4521
4274
4523
6286
7897
7533
6718
6036
5686
5363
4990
4830
4615
4384
4388
4425
4111
4381
4082
3877
3783
4482
4939
5291
5881
6656
7086
7220
7786
8109
8676
8684
10736
11743
12607
12683
12229
11860
14333
15444
15424
15183
14196
12815
11224
9854
8353
7441
6623
6048
5526
5496
5360
5610
5838
6066
5957
6013
5637
5767
5948
6110
5987
5935
6290
6145
6377
7919
10095
9029
7854
7461
7071
8296
9477
10066
10081
9409
8590
7828
7101
6717
6716
6158
5647
5038
4701
4419
4210
4403
4542
4494
5100
5564
5805
5898
6477
6835
7426
7756
7984
8007
7942
8079
8108
7671
7019
6741
6525
6373
6562
6867
6953
6468
6395
6106
6138
6328
5984
6230
6397
6418
6785
6950
7451
7807
7482
7785
7447
7147
7013
7130
7271
7406
7093
6878
7201
7014
7329
7922
8526
8718
8868
8588
8280
8015
8385
8255
8718
9080
9275
8753
8746
8440
8591
8701
8470
8246
8145
8026
7823
7776
7817
12831
17704
18876
19060
18814
18058
16834
15495
14092
12636
11305
9833
8633
7725
8094
8056
7941
7387
6953
6141
5728
5095
4621
4339
4057
3901
4289
4552
4974
4857
5163
5386
5884
5804
5666
5433
5403
5740
5954
6042
6022
8138
7366
6544
5957
5529
5096
4712
4647
4545
4431
4240
4065
4462
4263
4445
4417
4230
4487
4376
4657
4869
5446
5435
5818
6138
6740
6591
6886
6902
7152
7148
6935
6364
6001
5560
5145
4834
4788
4741
4651
4581
4823
4922
5563
5987
6763
6358
6218
5991
5604
5299
5534
5261
5110
5080
5242
5835
5764
5673
5695
5568
5490
5977
5815
5733
5512
5322
5656
5954
6696
6656
6595
6648
6877
7372
7204
6825
6716
6384
6193
6491
6557
6615
7074
6884
7056
7619
8831
9112
9713
9608
9673
10042
9649
9746
10153
10016
12923
16907
17529
17371
16552
15966
14825
13362
12063
10969
9674
8477
7822
7498
7041
6325
6134
5780
5643
5588
5365
5421
8678
10486
9774
9032
8716
7953
7216
6846
6447
5852
5230
4774
4884
4811
4679
4508
4304
4552
4478
4472
4870
4954
5156
6033
6681
7502
7592
7839
8018
8464
8577
8991
8864
8752
10722
12597
12957
12798
11970
11099
9844
8833
7960
7224
6530
6011
5573
5414
4905
4797
4656
4806
4442
4269
4243
4306
4500
5036
5384
5461
5863
5878
6342
6205
6490
7078
7747
8100
8311
8457
8708
9269
10883
11622
11695
11169
10440
9718
8416
9617
9725
9816
9865
9961
9378
8699
7988
6903
6386
5473
4943
4400
4137
4967
5449
5848
6413
6856
6539
6718
6881
6825
6612
6934
7258
7696
8027
7198
6536
5985
5505
5262
5394
5591
5276
6868
9208
9466
9076
8553
8183
7327
6342
6025
5863
5255
4813
4588
4234
4031
4195
4264
4752
5518
5611
6016
5876
5726
6285
6444
6659
6738
7276
7143
7503
8037
7733
7449
7105
6938
6818
6922
7095
7203
7267
7318
6963
6592
6371
6381
6737
6453
6485
7026
6897
6700
6523
6408
6396
6522
6904
6751
6708
6698
6718
6711
6639
7001
6760
6943
6766
7177
7469
7848
8084
8640
8989
9656
9511
9711
9450
9188
13060
15150
16359
16440
16030
15278
14382
13362
12016
10777
9857
8824
7709
9682
9004
8777
8345
8216
7585
6893
6259
5338
4736
4229
3790
3792
3532
3252
3452
3621
3330
3476
3576
3749
4178
4227
4208
4205
4286
4580
4309
4398
4390
4244
4518
4298
3961
3869
3748
3916
3867
3972
3974
3617
3691
3607
3546
3377
3199
3019
2865
2713
3092
3031
3053
3403
3623
4163
6036
7103
6158
5291
4843
4527
4114
3700
3739
3929
3943
3801
3641
3523
3285
3089
3220
2998
2900
3054
3262
3420
3483
3299
3487
3738
3941
4234
3971
3862
4144
4303
3943
4026
4178
4256
4200
4214
7944
9218
8030
8028
7626
7176
6908
6477
5797
5323
5222
4684
4186
3791
3614
3347
3130
2954
3061
3175
3597
3856
3866
3814
3433
3270
3052
2861
2991
3066
3515
3751
3988
4172
4292
4936
5209
5416
5878
6229
6461
6481
5994
6022
6089
5759
5751
5232
4949
5052
5130
4795
4757
4586
4582
4501
4553
4511
4868
4833
4886
4683
4591
4990
5251
5150
5053
5052
5396
5254
5102
5165
5216
5362
5893
5799
5796
6138
5926
5787
5621
5404
5616
5793
6118
6460
6702
6733
7011
7250
7310
7635
7837
7795
7736
7538
7323
7271
7469
7576
7171
6943
7022
7102
6846
6995
7193
6928
6713
6595
6447
6357
6247
9165
12029
13216
13367
13395
13087
12472
11681
10923
10110
9349
8342
7827
7356
6957
6477
5974
5321
4811
4449
5061
5716
5682
6000
6145
6310
6374
6437
6680
6396
6250
6098
5904
5487
5345
5666
5419
5271
5378
5592
5360
5415
5302
5103
4912
4936
4901
5031
4830
4604
4505
4448
4567
4565
4594
4523
4709
4488
4412
4316
4352
4370
4386
4360
4396
4752
5288
5659
5859
5968
5926
5845
5860
5923
6400
6583
7035
7273
7349
7537
8268
9021
9406
9298
9769
10038
10473
10305
10110
10005
9574
9326
9370
8773
8450
8498
8748
8531
8720
8782
9065
9250
8957
8748
8897
8458
8240
7988
7822
7696
7687
7686
7554
7688
7746
7731
7699
7797
7792
7731
7611
7627
7560
7473
7647
7776
7899
7971
7927
7926
7739
7596
7566
7540
7444
7415
7398
7709
7637
7599
7856
7922
7975
8151
8313
8425
8234
8266
8262
8077
8562
8497
8429
8491
8371
8457
8469
12391
16266
18262
19329
19211
18466
17662
16613
15405
13992
12995
11952
10642
9516
8807
8086
7216
6473
6172
5409
5171
5060
4606
4979
5541
5618
5627
6060
5998
5837
5620
5311
5886
6885
6987
6279
5644
5128
4904
4572
4311
4108
3960
4898
5350
5270
5131
4841
4816
4541
4486
4996
5195
4903
5393
5976
6322
6081
5971
7489
9283
9311
8950
8732
8386
7510
6600
5864
5560
5060
4463
4177
4098
3807
3570
3484
4056
4567
4465
4651
4904
5599
6370
6751
7262
7901
8167
8262
9790
10202
9888
9449
9073
8168
6928
6148
5304
6119
6717
7243
7659
7898
8054
8107
8018
7923
7368
7023
6378
5979
5680
6537
6529
6402
6128
5988
5995
6027
5680
5303
5086
5050
4972
4742
4694
4716
4819
4641
4547
4594
4741
4606
4510
4970
4993
4821
4766
4694
4697
4661
4478
5023
5407
5751
5387
6630
7914
8513
8637
9297
8121
7144
6343
5562
4976
4460
4005
3658
3392
3192
4025
4482
4465
4289
4395
4556
5462
6122
6716
7364
7972
8593
9111
9332
12223
12694
12747
12252
11443
10289
9202
8075
7219
6347
5775
5139
4658
4377
4892
5196
5259
5654
5653
5682
5745
5650
5735
5417
5111
5038
5033
4996
5019
5509
5059
5084
5073
5272
5857
6444
7280
7939
8136
7962
7609
7406
6938
6380
7463
8363
8310
11069
12189
12387
12212
11761
11064
10127
9309
8352
7996
7576
6693
5930
5351
4649
4591
4507
4473
4837
5367
5249
5265
5320
5365
5351
5928
6276
6231
7303
7696
7890
8450
8860
8940
8992
9122
9135
9216
9282
9977
9846
9644
9963
9450
8893
9091
9247
8500
8692
9243
9690
9616
10135
10468
11167
11787
12160
12395
12596
13635
18646
18316
17498
18114
18023
16931
15482
14138
13068
11942
10773
10284
9028
8234
8075
7912
7688
7611
7147
6594
6506
6715
6383
6579
7000
7350
7842
7103
6882
9348
10160
10297
10310
9493
8971
8292
7481
6742
12365
11996
10843
9424
8625
7767
6693
6023
5550
5147
5827
6025
5632
5117
4869
4648
4358
4000
3877
3867
4742
5542
6336
6218
6076
6666
7562
8300
8561
8551
8919
9033
8273
8073
8071
7459
7319
6840
6629
6509
6857
7037
6663
6587
6290
6081
5831
5677
6166
6070
6010
6240
7227
10887
11337
10784
10030
9212
8783
7581
6935
6686
6017
6264
7088
7654
8125
8116
7780
8583
9131
9296
9385
8847
8210
7588
7140
6939
6600
6471
6321
6164
6293
6484
6317
6428
6376
6228
6147
6391
6605
6370
6249
6158
6237
6385
7113
7509
7645
8305
8819
9264
8995
9193
9236
8507
8071
8341
8590
8827
9059
9381
9602
10070
10409
11052
12007
12130
12788
13145
14295
14434
14324
13540
13039
12606
12094
12316
12501
12121
12123
12569
12813
12633
12396
12190
12570
12756
12702
13089
12823
12718
12576
13616
13688
14309
13764
20059
23575
24420
24280
23490
22131
20554
18533
17328
15568
13830
12727
11185
10383
9309
9020
8758
8424
8028
7558
7091
7166
6707
6552
6282
5910
5870
5890
5792
5661
5485
5781
6035
6178
6337
6882
7395
7624
7695
8499
8342
8088
8072
8413
8249
8159
9603
10563
11168
11255
10301
9497
8802
8391
8655
8767
8439
8247
8183
8089
7802
8037
8223
8675
8656
8734
8782
8478
8300
8071
9109
9349
9302
9100
8863
8315
8063
7716
7499
7598
7547
7508
7656
8055
7879
8201
8882
9271
9650
10308
10892
11620
12046
12606
12944
13324
13683
13850
14332
14625
14858
14517
14890
15593
16100
17111
17447
17507
17180
17109
16931
16378
16318
15856
15026
15015
14852
14686
14472
14209
13627
13581
13912
18509
27143
29774
30630
30803
28937
26804
24829
23109
21486
19469
17625
16164
14735
13254
11521
10131
9062
8536
7835
7273
7255
6856
6552
6877
6854
8863
11303
12294
12406
12533
12023
11277
10524
9635
8896
8050
7374
6815
6834
6283
6051
6129
6026
6296
6755
5996
5393
8250
10153
10706
10599
10411
10073
9388
8463
7792
7203
6838
6421
6321
8922
9846
10130
9950
9482
8838
8074
7296
6534
5805
5245
4862
4705
4439
4452
5792
8478
10264
11394
11204
11017
10747
11427
14263
15876
16802
17021
16765
19971
21764
22655
23006
22751
22099
21206
20404
19173
17166
16804
16321
15785
15138
14532
13911
13359
12717
12440
11901
11542
11346
11170
11023
10871
13370
14809
15457
15547
15314
14847
14133
13430
12692
12019
11508
10936
10172
9631
9221
8937
8675
8435
9551
12340
13722
14369
14681
14514
14784
14408
14721
14529
13570
12514
11723
10961
10256
9336
8526
7947
7404
6658
5916
5276
4975
5168
4748
4553
4576
4647
4364
4215
3980
3796
3764
4041
4249
4484
4531
4709
4540
4477
4509
4797
4507
4203
3942
3853
4132
4446
5069
5640
5978
6045
6031
5618
5367
5184
5094
4919
4940
4817
4811
4894
4915
4810
4836
4815
5994
6849
7366
7662
7049
6480
6198
5910
5682
5492
5248
5068
4984
4911
5011
5176
5269
5909
6449
7551
8287
15192
17431
17662
17175
16278
15374
14135
12843
11652
10220
8945
7788
6869
6215
5699
5289
4865
4408
3976
4915
5833
6145
5350
4741
4733
4930
5440
5278
5537
5953
6347
6074
6240
6395
6834
6622
6401
6333
6444
7361
7658
8401
9045
8866
8925
8883
9169
8789
9069
9156
8661
8653
7808
7658
7551
7884
8323
7936
7603
7205
7090
6911
6924
6679
7047
7348
7976
8530
8508
11111
13132
13946
14272
14345
13865
13424
12097
11237
11331
10992
10749
10442
10210
10604
10503
10424
10917
11719
11767
16885
17935
18112
18043
17138
16326
14933
13616
13386
13285
12717
11015
10353
9389
8611
7967
7937
7124
6570
7217
7419
7645
7517
7368
6990
6831
6283
6216
5848
6422
6232
6007
5963
5623
5201
4954
8177
8146
7891
7161
6901
6839
6696
6407
6353
6119
5838
5508
5208
5274
5059
4933
4761
8265
8589
8637
8219
8181
8111
7974
7720
6990
6242
5550
4892
4216
3725
3381
3308
3105
3358
3632
4205
4905
5389
5439
5321
5170
5090
5410
5301
5304
5503
5813
6121
5877
5300
4957
4711
4661
4384
4150
4011
3943
3873
3760
4055
4272
4099
4271
4213
4365
4808
5056
5728
6179
6457
6758
14486
15670
14541
13384
12183
10854
9979
8760
7963
6939
6108
5592
5640
5353
5510
5607
5854
6232
6609
7481
8146
8214
7934
7630
7305
7689
7955
8096
8157
8230
8051
7918
7585
7157
8182
8905
8602
8359
12253
13117
12731
11926
11074
10122
9094
8194
7188
6958
6935
7592
8850
10410
10331
10515
11257
12164
12042
12208
12238
12106
11376
10238
10558
10807
9921
9681
9765
12925
14002
13951
13966
13264
12675
11652
11055
10485
9823
8575
7673
6931
6292
5795
5440
5208
4947
5474
5620
5724
5461
5054
5954
6661
7790
8678
9047
9521
10148
10127
9960
8997
9217
10038
11391
12530
11441
10802
9615
8696
12156
12742
12344
11500
10902
10332
9603
8333
8283
11598
13656
14762
15212
15158
14280
13703
12648
11895
11395
14512
15560
15469
15174
14367
12548
10672
9413
8465
7995
8584
9047
8372
8431
8461
9092
9540
10609
9877
9432
9101
8601
8611
8587
8317
8245
8244
7835
7501
7719
7460
7383
7730
7388
11917
11503
10861
10536
10528
10574
10226
9653
8793
8070
8456
8481
8841
9104
10162
10323
11173
11921
13155
13169
11564
10166
8885
8023
8138
7826
7268
6985
8105
9088
9808
10981
9723
8791
8197
7751
8082
8866
9360
9897
10356
10694
10624
14148